Index    Atom  Bond_Length     Theta     
1        N     N/A             N/A       
2        CA    1.498           69.191    
3        C     1.532           63.405    
9        N     1.329           58.806    
10       CA    1.456           76.107    
11       C     1.522           64.763    
15       N     1.329           57.153    
16       CA    1.460           69.135    
17       C     1.532           63.975    
21       N     1.330           57.046    
22       CA    1.466           67.749    
23       C     1.526           62.820    
27       N     1.330           58.964    
28       CA    1.456           65.828    
29       C     1.518           62.815    
36       N     1.325           59.987    
37       CA    1.455           68.857    
38       C     1.542           62.939    
47       N     1.335           58.729    
48       CA    1.467           68.082    
49       C     1.524           63.815    
55       N     1.330           57.848    
56       CA    1.460           70.629    
57       C     1.529           64.086    
60       N     1.331           57.981    
61       CA    1.458           71.040    
62       C     1.530           63.881    
69       N     1.327           58.589    
70       CA    1.458           67.548    
71       C     1.534           63.167    
78       N     1.335           58.406    
79       CA    1.457           71.729    
80       C     1.526           64.229    
86       N     1.328           58.236    
87       CA    1.453           67.837    
88       C     1.528           62.996    
92       N     1.333           59.348    
93       CA    1.460           68.017    
94       C     1.524           63.477    
100      N     1.330           58.201    
101      CA    1.460           70.729    
102      C     1.524           64.717    
108      N     1.329           56.657    
109      CA    1.460           69.020    
110      C     1.529           63.776    
117      N     1.331           57.898    
118      CA    1.460           70.499    
119      C     1.512           63.971    
128      N     1.332           57.654    
129      CA    1.461           73.033    
130      C     1.511           63.379    
136      N     1.341           56.796    
137      CA    1.461           65.436    
138      C     1.519           63.345    
143      N     1.345           60.382    
144      CA    1.461           72.817    
145      C     1.529           63.798    
150      N     1.320           59.615    
151      CA    1.445           64.919    
152      C     1.535           62.629    
157      N     1.329           57.918    
158      CA    1.464           65.594    
159      C     1.533           63.826    
163      N     1.329           56.777    
164      CA    1.458           74.478    
165      C     1.534           62.559    
169      N     1.331           56.706    
170      CA    1.471           72.425    
171      C     1.536           62.932    
175      N     1.334           57.973    
176      CA    1.465           65.204    
177      C     1.521           63.737    
180      N     1.328           58.937    
181      CA    1.451           69.945    
182      C     1.520           61.264    
184      N     1.343           61.680    
185      CA    1.466           63.520    
186      C     1.525           64.482    
191      N     1.327           57.867    
192      CA    1.456           72.276    
193      C     1.519           64.154    
198      N     1.324           60.935    
199      CA    1.442           78.381    
200      C     1.513           62.347    
202      N     1.320           59.981    
203      CA    1.456           71.407    
204      C     1.517           64.975    
210      N     1.328           57.810    
211      CA    1.453           73.177    
212      C     1.528           64.784    
218      N     1.325           57.783    
219      CA    1.451           65.244    
220      C     1.532           62.546    
226      N     1.332           57.700    
227      CA    1.465           65.613    
228      C     1.522           63.750    
238      N     1.324           59.228    
239      CA    1.445           72.150    
240      C     1.516           64.835    
248      N     1.324           57.357    
249      CA    1.447           68.315    
250      C     1.516           64.731    
262      N     1.323           57.806    
263      CA    1.444           75.726    
264      C     1.523           63.259    
271      N     1.323           59.213    
272      CA    1.454           70.725    
273      C     1.517           64.586    
276      N     1.326           58.604    
277      CA    1.452           72.951    
278      C     1.512           63.809    
282      N     1.324           58.887    
283      CA    1.449           71.613    
284      C     1.514           63.407    
290      N     1.332           57.792    
291      CA    1.463           71.871    
292      C     1.509           63.556    
298      N     1.328           60.042    
299      CA    1.451           70.939    
300      C     1.517           61.319    
302      N     1.340           58.954    
303      CA    1.465           69.774    
304      C     1.524           62.858    
309      N     1.330           58.721    
310      CA    1.462           68.162    
311      C     1.531           64.295    
314      N     1.326           58.059    
315      CA    1.458           68.166    
316      C     1.529           63.385    
322      N     1.327           58.485    
323      CA    1.459           70.323    
324      C     1.525           62.496    
328      N     1.342           61.385    
329      CA    1.463           68.515    
330      C     1.534           63.976    
335      N     1.335           57.289    
336      CA    1.462           69.951    
337      C     1.522           64.123    
347      N     1.329           57.470    
348      CA    1.459           65.931    
349      C     1.529           64.182    
352      N     1.332           59.434    
353      CA    1.452           64.756    
354      C     1.515           63.230    
356      N     1.332           58.937    
357      CA    1.454           67.740    
358      C     1.519           64.360    
360      N     1.331           57.851    
361      CA    1.455           70.695    
362      C     1.523           63.718    
367      N     1.332           58.308    
368      CA    1.462           65.292    
369      C     1.519           64.294    
378      N     1.330           58.338    
379      CA    1.456           68.305    
380      C     1.516           64.525    
389      N     1.330           57.210    
390      CA    1.457           69.163    
391      C     1.513           63.414    
397      N     1.325           58.545    
398      CA    1.457           75.204    
399      C     1.525           62.578    
403      N     1.329           59.181    
404      CA    1.465           64.818    
405      C     1.519           63.733    
411      N     1.329           58.690    
412      CA    1.461           68.475    
413      C     1.530           63.507    
421      N     1.330           58.765    
422      CA    1.459           67.955    
423      C     1.528           62.527    
432      N     1.346           60.482    
433      CA    1.463           71.770    
434      C     1.522           63.191    
439      N     1.329           59.117    
440      CA    1.454           67.768    
441      C     1.524           63.962    
446      N     1.331           57.018    
447      CA    1.466           66.887    
448      C     1.536           64.149    
454      N     1.331           56.457    
455      CA    1.464           73.138    
456      C     1.536           61.695    
466      N     1.341           47.799    
467      CA    1.468           65.189    
468      C     1.532           62.755    
473      N     1.322           60.860    
474      CA    1.449           69.064    
475      C     1.517           65.029    
484      N     1.331           56.770    
485      CA    1.460           75.847    
486      C     1.526           62.171    
493      N     1.341           58.104    
494      CA    1.467           63.831    
495      C     1.521           63.278    
500      N     1.341           59.578    
501      CA    1.463           69.493    
502      C     1.528           63.991    
507      N     1.327           57.798    
508      CA    1.458           70.443    
509      C     1.529           64.188    
516      N     1.331           58.153    
517      CA    1.454           67.711    
518      C     1.522           65.649    
524      N     1.323           57.373    
525      CA    1.447           72.891    
526      C     1.528           63.464    
530      N     1.327           58.173    
531      CA    1.459           71.434    
532      C     1.523           62.824    
541      N     1.327           58.269    
542      CA    1.468           69.442    
543      C     1.527           63.994    
548      N     1.329           56.741    
549      CA    1.451           68.033    
550      C     1.522           63.427    
555      N     1.333           57.986    
556      CA    1.461           71.057    
557      C     1.530           64.247    
564      N     1.327           58.881    
565      CA    1.450           69.011    
566      C     1.524           63.985    
572      N     1.327           57.360    
573      CA    1.458           73.263    
574      C     1.525           64.093    
584      N     1.329           56.803    
585      CA    1.462           72.633    
586      C     1.528           62.476    
594      N     1.341           58.900    
595      CA    1.466           65.226    
596      C     1.536           63.115    
601      N     1.332           58.098    
602      CA    1.465           66.009    
603      C     1.512           63.931    
609      N     1.323           58.749    
610      CA    1.451           74.799    
611      C     1.519           63.432    
617      N     1.329           58.920    
618      CA    1.452           66.708    
619      C     1.519           64.768    
625      N     1.332           57.010    
626      CA    1.456           66.034    
627      C     1.525           62.031    
630      N     1.332           59.588    
631      CA    1.467           66.116    
632      C     1.527           63.377    
638      N     1.330           59.274    
639      CA    1.452           64.821    
640      C     1.515           63.232    
642      N     1.330           58.999    
643      CA    1.453           71.128    
644      C     1.502           63.964    
650      N     1.321           59.319    
651      CA    1.454           68.158    
652      C     1.529           62.444    
658      N     1.328           60.375    
659      CA    1.458           73.756    
660      C     1.522           63.538    
664      N     1.326           58.695    
665      CA    1.456           73.606    
666      C     1.521           63.804    
672      N     1.327           57.386    
673      CA    1.463           64.503    
674      C     1.534           63.112    
680      N     1.330           58.847    
681      CA    1.455           63.636    
682      C     1.515           62.368    
688      N     1.323           60.078    
689      CA    1.458           74.938    
690      C     1.507           65.218    
696      N     1.329           58.188    
697      CA    1.449           66.637    
698      C     1.532           64.441    
705      N     1.327           57.461    
706      CA    1.457           63.581    
707      C     1.505           62.735    
713      N     1.321           61.074    
714      CA    1.444           66.550    
715      C     1.513           63.651    
722      N     1.326           60.952    
723      CA    1.445           70.907    
724      C     1.515           63.998    
736      N     1.327           58.437    
737      CA    1.448           68.984    
738      C     1.521           62.524    
742      N     1.343           55.950    
743      CA    1.468           65.127    
744      C     1.537           62.968    
749      N     1.328           58.071    
750      CA    1.457           67.698    
751      C     1.513           63.271    
754      N     1.330           57.844    
755      CA    1.466           68.141    
756      C     1.525           63.965    
762      N     1.329           58.559    
763      CA    1.458           71.104    
764      C     1.523           64.288    
769      N     1.330           58.264    
770      CA    1.452           72.056    
771      C     1.524           63.141    
777      N     1.329           60.028    
778      CA    1.451           70.556    
779      C     1.517           63.288    
783      N     1.326           59.695    
784      CA    1.457           71.360    
785      C     1.538           64.101    
792      N     1.329           57.857    
793      CA    1.454           70.902    
794      C     1.530           64.039    
799      N     1.331           58.550    
800      CA    1.455           69.415    
801      C     1.522           63.707    
807      N     1.330           58.105    
808      CA    1.460           68.068    
809      C     1.513           63.539    
815      N     1.327           58.120    
816      CA    1.459           69.262    
817      C     1.523           64.001    
821      N     1.330           58.472    
822      CA    1.450           70.318    
823      C     1.539           61.219    
829      N     1.340           59.407    
830      CA    1.477           74.799    
831      C     1.544           63.661    
835      N     1.335           56.398    
836      CA    1.468           64.928    
837      C     1.523           63.348    
841      N     1.324           58.772    
842      CA    1.446           69.769    
843      C     1.513           63.809    
849      N     1.333           57.365    
850      CA    1.461           70.211    
851      C     1.520           64.575    
857      N     1.326           58.043    
858      CA    1.456           72.141    
859      C     1.521           63.981    
864      N     1.327           58.845    
865      CA    1.454           69.169    
866      C     1.517           64.827    
872      N     1.326           58.082    
873      CA    1.450           70.370    
874      C     1.523           64.316    
877      N     1.325           57.640    
878      CA    1.450           73.285    
879      C     1.536           62.370    
885      N     1.344           57.887    
886      CA    1.468           65.143    
887      C     1.530           63.664    
892      N     1.333           57.719    
893      CA    1.462           67.434    
894      C     1.530           63.693    
900      N     1.329           57.538    
901      CA    1.460           74.067    
902      C     1.520           63.000    
908      N     1.344           56.698    
909      CA    1.462           64.439    
910      C     1.526           63.817    
915      N     1.334           58.064    
916      CA    1.462           72.352    
917      C     1.545           64.404    
923      N     1.334           55.848    
924      CA    1.464           76.943    
925      C     1.529           62.631    
930      N     1.347           57.280    
931      CA    1.466           63.208    
932      C     1.528           62.166    
937      N     1.331           60.649    
938      CA    1.455           70.580    
939      C     1.532           63.237    
946      N     1.330           59.446    
947      CA    1.456           68.623    
948      C     1.521           63.806    
954      N     1.327           58.464    
955      CA    1.460           69.230    
956      C     1.522           63.682    
959      N     1.331           59.429    
960      CA    1.452           68.020    
961      C     1.521           63.432    
969      N     1.326           59.307    
970      CA    1.451           72.524    
971      C     1.517           64.324    
977      N     1.322           58.451    
978      CA    1.454           67.501    
979      C     1.538           63.354    
989      N     1.332           57.844    
990      CA    1.463           64.401    
991      C     1.529           62.984    
998      N     1.330           59.462    
999      CA    1.457           61.268    
1000     C     1.537           61.281    
1005     N     1.331           59.581    
1006     CA    1.472           69.048    
1007     C     1.525           65.283    
1013     N     1.328           56.458    
1014     CA    1.449           67.418    
1015     C     1.533           62.037    
1024     N     1.345           61.696    
1025     CA    1.467           66.094    
1026     C     1.530           63.510    
1031     N     1.331           58.028    
1032     CA    1.459           71.256    
1033     C     1.524           64.027    
1040     N     1.329           57.952    
1041     CA    1.457           67.914    
1042     C     1.528           63.603    
1052     N     1.320           59.344    
1053     CA    1.453           69.927    
1054     C     1.524           64.378    
1061     N     1.331           58.181    
1062     CA    1.458           69.517    
1063     C     1.520           63.202    
1066     N     1.331           58.020    
1067     CA    1.456           68.132    
1068     C     1.521           62.982    
1073     N     1.329           58.995    
1074     CA    1.458           70.800    
1075     C     1.522           63.794    
1078     N     1.332           58.450    
1079     CA    1.463           67.806    
1080     C     1.528           62.463    
1089     N     1.328           59.906    
1090     CA    1.455           69.196    
1091     C     1.527           64.259    
1098     N     1.329           57.764    
1099     CA    1.451           67.913    
1100     C     1.513           62.982    
1112     N     1.327           60.816    
1113     CA    1.453           72.022    
1114     C     1.530           63.348    
1119     N     1.336           57.801    
1120     CA    1.468           67.595    
1121     C     1.521           63.969    
1128     N     1.328           57.690    
1129     CA    1.455           64.843    
1130     C     1.523           64.194    
1137     N     1.330           57.035    
1138     CA    1.464           59.476    
1139     C     1.532           62.148    
1149     N     1.329           58.491    
1150     CA    1.461           66.434    
1151     C     1.518           64.750    
1154     N     1.322           57.546    
1155     CA    1.451           73.139    
1156     C     N/A             N/A       
