Index    Residue  Phi      Psi      Omega   

1        MET      N/A      -62.314  178.394  
2        SER      -83.339  -34.068  179.226  
3        SER      -74.650  -40.775  179.836  
4        SER      -70.040  -39.995  -178.935 
5        LYS      -77.554  -31.401  178.611  
6        ARG      -66.369  -39.954  -179.801 
7        ILE      -71.854  -37.831  178.302  
8        ALA      -62.975  -36.772  179.904  
9        LYS      -64.656  -50.610  179.459  
10       GLU      -61.208  -37.558  179.463  
11       LEU      -65.667  -46.154  179.618  
12       SER      -59.584  -42.507  179.825  
13       ASP      -58.881  -31.206  179.043  
14       LEU      -82.134  -41.248  -179.954 
15       GLU      -56.501  -8.405   179.208  
16       ARG      -113.409 -76.204  179.315  
17       ASP      -86.420  99.768   -179.391 
18       PRO      -81.989  133.320  179.300  
19       PRO      -67.530  173.027  -178.156 
20       THR      -93.124  -61.899  -178.898 
21       SER      -93.627  -16.890  179.611  
22       CYS      -92.957  160.104  179.361  
23       SER      -165.486 115.452  -177.272 
24       ALA      -146.641 153.379  179.580  
25       GLY      -178.346 172.320  179.913  
26       PRO      -69.570  157.047  178.902  
27       VAL      -98.972  112.986  -177.048 
28       GLY      77.675   -139.927 179.264  
29       ASP      -115.270 26.123   179.200  
30       ASP      -87.966  103.802  -179.132 
31       LEU      -69.001  -8.160   -178.501 
32       TYR      -107.224 -4.647   178.714  
33       HIS      -128.793 101.481  -179.460 
34       TRP      -103.666 165.630  177.163  
35       GLN      -133.780 149.694  179.517  
36       ALA      -146.806 163.482  178.844  
37       SER      -142.766 144.140  179.096  
38       ILE      -141.363 156.469  178.217  
39       MET      -100.972 145.245  178.980  
40       GLY      -66.441  142.153  179.917  
41       PRO      -55.671  156.788  -179.979 
42       ALA      -66.519  -38.851  -179.748 
43       ASP      -93.416  44.597   179.661  
44       SER      -143.069 155.485  179.571  
45       PRO      -70.049  5.034    179.065  
46       TYR      -108.097 5.794    -178.836 
47       ALA      -52.305  130.576  179.017  
48       GLY      86.155   -23.502  179.576  
49       GLY      -69.013  159.241  -179.985 
50       VAL      -120.647 118.587  -177.582 
51       PHE      -112.600 130.371  -179.452 
52       PHE      -102.801 128.180  -179.767 
53       LEU      -109.249 145.366  176.929  
54       SER      -106.003 136.258  -177.668 
55       ILE      -129.295 126.353  178.254  
56       HIS      -122.252 115.455  179.417  
57       PHE      -81.974  131.781  179.721  
58       PRO      -68.072  151.719  -179.531 
59       THR      -62.729  -23.009  -179.938 
60       ASP      -104.120 28.797   179.066  
61       TYR      -73.157  148.932  0.187    
62       PRO      -89.425  21.401   -178.824 
63       PHE      -87.211  -4.783   178.152  
64       LYS      -138.114 136.173  -179.096 
65       PRO      -61.874  158.030  179.396  
66       PRO      -83.620  156.516  179.022  
67       LYS      -92.541  113.984  -179.410 
68       ILE      -118.022 115.684  179.997  
69       SER      -116.188 150.613  179.054  
70       PHE      -94.729  124.996  179.827  
71       THR      -79.146  -43.521  -179.700 
72       THR      -76.265  150.552  178.562  
73       LYS      -80.820  125.033  -178.773 
74       ILE      -133.656 147.113  179.641  
75       TYR      -103.882 92.934   -178.757 
76       HIS      -142.168 140.987  179.997  
77       PRO      -66.234  -18.834  -179.145 
78       ASN      -104.007 5.172    179.608  
79       ILE      -130.136 133.368  -179.035 
80       ASN      -99.463  -171.315 -178.952 
81       ALA      -65.921  -26.074  179.286  
82       ASN      -90.569  -2.867   179.258  
83       GLY      92.424   5.393    179.576  
84       ASN      -71.404  143.462  -179.442 
85       ILE      -119.800 127.857  177.776  
86       CYS      -91.094  99.472   179.495  
87       LEU      -131.872 130.380  -179.191 
88       ASP      -47.719  -51.226  -177.930 
89       ILE      -73.298  0.510    177.848  
90       LEU      -99.817  3.789    -178.926 
91       LYS      -142.446 -108.894 -177.590 
92       ASP      -57.897  -19.613  179.691  
93       GLN      -113.714 20.657   178.550  
94       TRP      -72.811  150.113  -179.435 
95       SER      -160.653 136.921  179.677  
96       PRO      -48.388  -21.359  -179.328 
97       ALA      -74.893  -15.397  -179.337 
98       LEU      -86.855  159.833  178.336  
99       THR      -124.842 172.078  179.104  
100      LEU      -67.294  -42.176  179.950  
101      SER      -60.366  -30.747  178.959  
102      LYS      -71.939  -33.216  179.207  
103      VAL      -70.661  -38.103  179.512  
104      LEU      -63.438  -40.411  178.937  
105      LEU      -60.391  -51.014  180.000  
106      SER      -57.561  -26.811  179.042  
107      ILE      -79.400  -46.681  176.741  
108      CYS      -50.546  -41.607  -178.959 
109      SER      -70.492  -35.368  -179.388 
110      LEU      -62.794  -34.594  -179.748 
111      LEU      -72.274  -30.468  179.599  
112      THR      -77.740  -43.265  -178.642 
113      ASP      -133.848 90.111   179.804  
114      ALA      -58.992  -177.884 179.574  
115      ASN      -137.547 96.534   -179.685 
116      PRO      -67.035  -6.633   -179.629 
117      ASP      -87.052  -5.643   178.416  
118      ASP      -123.031 56.777   -179.422 
119      PRO      -58.899  76.458   178.796  
120      LEU      -67.741  -16.027  177.520  
121      VAL      -142.063 97.042   -179.516 
122      PRO      -58.277  -37.064  179.539  
123      GLU      -63.906  -48.643  179.676  
124      ILE      -65.467  -28.813  -179.939 
125      ALA      -71.712  -44.931  -179.618 
126      HIS      -65.401  -43.218  178.761  
127      ILE      -61.874  -36.089  179.877  
128      TYR      -63.449  -51.938  -179.089 
129      LYS      -66.101  -33.465  -178.047 
130      THR      -106.826 -27.114  -179.968 
131      ASP      -138.256 62.721   -179.037 
132      ARG      -42.187  -42.845  -179.876 
133      PRO      -59.259  -46.431  -179.723 
134      LYS      -58.001  -41.208  179.263  
135      TYR      -68.580  -48.174  -178.942 
136      GLU      -62.420  -34.057  179.527  
137      ALA      -68.594  -41.783  179.968  
138      THR      -73.148  -29.958  179.697  
139      ALA      -67.163  -44.351  179.481  
140      ARG      -64.968  -36.263  178.248  
141      GLU      -59.147  -52.091  -179.961 
142      TRP      -62.189  -25.199  179.534  
143      THR      -69.591  -47.078  179.427  
144      LYS      -55.340  -48.078  -178.945 
145      LYS      -67.613  -58.528  -176.712 
146      TYR      -91.740  -40.384  -177.895 
147      ALA      -77.475  55.318   179.108  
148      VAL      -144.202 N/A      